SPACE 12
FRAME_WIDTH 32
FRAME_HEIGHT 32
SHEET_WIDTH 512
SHEET_HEIGHT 512
a 12 0
b 12 0
c 12 0
d 12 0
e 12 0
f 12 0
g 12 0
h 12 0
i 6 0
j 8 0
k 12 0
l 12 0
m 12 0
n 12 0
o 12 0
p 12 0
q 12 6
r 12 0
s 12 0
t 12 0
u 12 0
v 14 0
w 14 0
x 14 0
y 14 0
z 12 0
+ 14 0
- 14 0
: 6 0
. 6 0
! 6 0
" 10 0
A 14 0
B 14 0
C 14 0
D 14 0
E 14 0
F 14 0
G 14 0
H 14 0
I 6 0
J 12 0
K 14 0
L 14 0
M 14 0
N 14 0
O 14 0
P 14 0
Q 14 0
R 14 0
S 14 0
T 14 0
U 14 0
V 14 0
W 14 0
X 14 0
Y 14 0
Z 14 0
( 8 0
) 8 0
[ 8 0
] 8 0
{ 10 0
} 10 0
0 16 0
1 12 0
2 16 0
3 16 0
4 16 0
5 16 0
6 16 0
7 16 0
8 16 0
9 16 0
? 16 0
/ 13 0
\ 13 0
# 22 0
< 13 0
> 13 0